- test_acc: 0.9164912104606628
  test_loss: 6.285558700561523
