- test_acc: 0.8497368693351746
  test_loss: 5.027591705322266
